# A random 40×40 puzzle at 50 % density (hugi gen 40 40 50 8005). It has more than one solution.
rows
1 1 2 1 2 1 2 1 1 5
3 2 1 3 2 1 1 3
1 1 1 1 2 1 5 1 5 1
1 1 6 4 1 1 1 1 2 2
1 3 2 1 1 1 2 2 4 1 2 1 1 1
3 1 1 1 1 3 2 3 3
2 1 1 1 2 1 1 1 2 1 1 1 1
2 1 5 1 1 2 2 2 1 1
1 1 3 5 1 4 1 1 2 4 2
1 3 1 1 1 4 1 2 1 1 4 1
5 1 2 1 1 1 3 1 1 4 1 1
5 1 5 3 3 1 2 2 1
1 1 2 5 5 2 1 3
1 2 5 1 2 1 2 1 1 1 2
1 1 2 1 1 3 1 1 2 4
1 6 1 1 2 2 1 3 2 2 2
1 1 1 1 1 6 1 1 1 1 3 1
1 1 1 1 1 1 1 2 1 1 1 1 3 6
2 2 3 4 1 2 2 1 1 4 1
1 1 2 1 2 1 3 1 2 2
3 2 1 2 2 1 2 2 1 2 1
6 3 1 2 1 1 2
2 1 2 3 4 1 3 2 1 5
1 4 4 2 1 3
1 1 1 1 1 2 9 5
3 1 1 1 1 1 2 3 3 1
4 4 2 1 3 2 2 1 1 1
1 1 3 3 1 5 3 2 1 1
1 3 1 3 2 1 1 8
7 6 2 2 1 2 5 1 1
1 3 2 2 3 3 4 2
4 1 2 1 2 2 3 2 1
2 1 1 1 2 1 2 2 1
2 5 2 2 8 1 1 1
2 1 4 4 2 1 1 2 2 2
1 1 3 6 4 4 3 1 2
1 3 5 2 1 4 1 2
2 1 1 2 1 2 2 1 1 2 2
1 1 1 3 2 2 1 2 6 4 1
2 4 1 2 2 1 5 4
cols
1 2 1 1 7 2 1 1 1 2
2 1 1 1 3 1 1 1 3 1
3 2 8 1 2 2 2 1 1 1 2
1 3 3 1 2 4 1 3 1
1 1 4 1 2 2 1 1 5
2 2 1 2 2 2 1 1 1 3 1 1
5 3 1 2 1 1 1 6 1
2 1 1 2 3 1 1 1 1 2 3 2
1 2 3 1 1 2 1 2 3 4 3
2 2 1 1 1 1 2 1 2 3
1 1 7 1 1 2 1 1 2 1 1
1 1 1 2 5 1 2 1 2 1 1 4 1
1 2 3 3 5 1 1 8
2 5 3 1 2 2 1 3 1
2 2 1 1 2 3 2 1 2 1
1 1 1 2 1 3 1 1 4 1 1 1
2 1 1 2 2 2 1 1 1 1 1 2 1
3 1 2 5 3 2 1 1 3 1 1
1 1 1 2 1 3 3 1 6 2 1
2 1 1 1 3 2 1 2 1 1
1 1 2 1 4 1 1 1 1 3
1 3 1 2 2 1 1 3 3
5 1 4 2 3 5 1 1 1
2 1 9 10 4 1
1 1 2 3 1 3 3 1 1 1 1
1 1 1 2 1 1 1 1 2 1 1 1 3
1 1 2 2 4 1 1 2 1 1 4 2
1 1 1 1 1 1 2 1 1 3 4 1 5
1 2 2 3 1 1 2 1 1 2 2
1 1 1 2 1 1 1 3 2 1 2
1 1 4 1 2 2 1 5 4 6
1 1 2 1 3 1 1 2 2 4 1 2
1 5 3 1 5 2 4 4 1
1 2 3 1 1 1 1 1 1 3 1 1 2 1
1 1 1 3 1 5 2 3 2 1 3
2 1 1 1 5 4 2 1 2
1 1 1 3 2 1 4 2 1 1 1
2 3 1 1 2 3 2 3 1 1 1
1 1 3 3 1 1 1 1 1 2 2
2 1 1 3 1 5 1 1 1
