# Rings, 31×31 (computed). Drawn for this repository.
rows
2 4 4 2
1 4 4 1
3 11 3
3 15 3
3 4 4 3
2 3 3 2
2 3 9 3 2
2 3 11 3 2
1 3 4 4 3 1
1 2 2 2 2 1
3 2 7 2 3
2 3 9 3 2
2 2 3 3 2 2
2 2 2 2 2 2
2 2 2 3 2 2 2
2 2 2 3 2 2 2
2 2 2 3 2 2 2
2 2 2 2 2 2
2 2 3 3 2 2
2 3 9 3 2
3 2 7 2 3
1 2 2 2 2 1
1 3 4 4 3 1
2 3 11 3 2
2 3 9 3 2
2 3 3 2
3 4 4 3
3 15 3
3 11 3
1 4 4 1
2 4 4 2
cols
2 4 4 2
1 4 4 1
3 11 3
3 15 3
3 4 4 3
2 3 3 2
2 3 9 3 2
2 3 11 3 2
1 3 4 4 3 1
1 2 2 2 2 1
3 2 7 2 3
2 3 9 3 2
2 2 3 3 2 2
2 2 2 2 2 2
2 2 2 3 2 2 2
2 2 2 3 2 2 2
2 2 2 3 2 2 2
2 2 2 2 2 2
2 2 3 3 2 2
2 3 9 3 2
3 2 7 2 3
1 2 2 2 2 1
1 3 4 4 3 1
2 3 11 3 2
2 3 9 3 2
2 3 3 2
3 4 4 3
3 15 3
3 11 3
1 4 4 1
2 4 4 2
