# Sierpinski's triangle, 32×32 (computed). Drawn for this repository.
rows
32
1 1 1 1 1 1 1 1 1 1 1 1 1 1 1 1
2 2 2 2 2 2 2 2
1 1 1 1 1 1 1 1
4 4 4 4
1 1 1 1 1 1 1 1
2 2 2 2
1 1 1 1
8 8
1 1 1 1 1 1 1 1
2 2 2 2
1 1 1 1
4 4
1 1 1 1
2 2
1 1
16
1 1 1 1 1 1 1 1
2 2 2 2
1 1 1 1
4 4
1 1 1 1
2 2
1 1
8
1 1 1 1
2 2
1 1
4
1 1
2
1
cols
32
1 1 1 1 1 1 1 1 1 1 1 1 1 1 1 1
2 2 2 2 2 2 2 2
1 1 1 1 1 1 1 1
4 4 4 4
1 1 1 1 1 1 1 1
2 2 2 2
1 1 1 1
8 8
1 1 1 1 1 1 1 1
2 2 2 2
1 1 1 1
4 4
1 1 1 1
2 2
1 1
16
1 1 1 1 1 1 1 1
2 2 2 2
1 1 1 1
4 4
1 1 1 1
2 2
1 1
8
1 1 1 1
2 2
1 1
4
1 1
2
1
